
--------------------------
     File Information
--------------------------
File Name:  Temp01202020_TiN_AJA.5.First Point_1_InProgress.pro
File Type:  XPS DEPTHPRO
Comment:  First Point

--------------------------
     Area Information
--------------------------
Area ID:  1
Area Name:  1

--------------------------
Atomic Concentration Table
--------------------------
Abscissa        C1s        N1s        O1s        Si2p       Ti2p  
               0.314      0.499      0.733      0.368      2.077    RSF 
              17.270     27.445     40.315     23.551    125.460    CorrectedRSF 
-0.00          20.28      29.01      26.86       1.06      22.80  
0.50            0.00      50.12       3.28       1.05      45.56  
1.00            0.52      50.86       2.13       0.77      45.72  
1.50            0.00      51.04       1.12       0.95      46.89  
2.00            0.00      50.52       2.13       0.94      46.41  
2.50            0.20      48.79       0.79       6.03      44.18  
3.00            0.00      49.66       2.18       1.69      46.47  
3.50            0.00      50.83       2.16       2.65      44.36  
4.00            0.08      52.10       2.23       0.00      45.60  
4.50            0.00      49.43       0.37       6.52      43.69  

                2.11      48.23       4.33       2.16      43.17    Mean 
                6.39       6.82       7.96       2.27       7.24    Standard Deviation 

--------------------------
     Intensity Table
--------------------------
Abscissa        C1s        N1s        O1s        Si2p       Ti2p  
               0.314      0.499      0.733      0.368      2.077    RSF 
              17.270     27.445     40.315     23.551    125.460    CorrectedRSF 
-0.00       12301.25   27960.28   38020.98     873.29  100433.17  
0.50            0.00   37212.05    3573.75     668.75  154636.22  
1.00          234.38   36365.53    2241.24     473.44  149443.84  
1.50            0.00   37086.45    1199.17     591.18  155729.56  
2.00            0.00   37404.40    2319.86     597.25  157098.18  
2.50           99.91   37997.42     907.91    4030.63  157268.00  
3.00            0.00   36460.14    2351.06    1064.71  155982.21  
3.50            0.00   37900.85    2370.00    1693.75  151207.19  
4.00           36.25   38193.86    2399.44       0.00  152819.71  
4.50            0.00   37648.97     415.84    4258.97  152121.29  

             1267.18   36422.99    5579.92    1425.20  148673.94    Mean 
             3877.71    3035.90   11434.61    1498.72   17149.09    Standard Deviation 

--------------------------
    Weight % Table 
--------------------------
Abscissa        C1s        N1s        O1s        Si2p       Ti2p  
               0.314      0.499      0.733      0.368      2.077    RSF 
              17.270     27.445     40.315     23.551    125.460    CorrectedRSF 
-0.00          11.07      18.47      19.53       1.35      49.59  
0.50            0.00      23.68       1.77       0.99      73.56  
1.00            0.21      24.04       1.15       0.73      73.86  
1.50            0.00      23.80       0.60       0.89      74.71  
2.00            0.00      23.67       1.14       0.88      74.31  
2.50            0.08      22.91       0.43       5.68      70.90  
3.00            0.00      23.17       1.16       1.58      74.09  
3.50            0.00      24.18       1.18       2.52      72.12  
4.00            0.03      24.74       1.21       0.00      74.01  
4.50            0.00      23.29       0.20       6.16      70.35  

                1.14      23.20       2.84       2.08      70.75    Mean 
                3.49       1.74       5.88       2.13       7.58    Standard Deviation 



